6

0 16 45 32 88 54
16  0 18 21 77 21
45 18  0  7 66 33
32 21  7  0 33 2
88 77 66 33 0 40
54 21 33 2 40 0

0 48  12  18 77 55
52  0 42 32 34 23
18 46  0 56 23 44
24 36 52  0 12 56
77 34 23 12 0 66
54 47 100 55 13 0

(200,500)
(300,100)
(450,150)
(520,480)
(345, 300)
(100, 250)